{
  "advancedEditorSelectedIdentifier" : "ProjectBrowser",
  "openSceneRelativePaths" : [
    "Scene.usda",
    "ToyCarScene.usda",
    "SunScene.usda",
    "ToyDrummerScene.usda",
    "EarthScene.usda"
  ],
  "recentIdentifiers" : {
    "723E5030-D1A9-4859-B762-F1E45FC62EDD" : [

    ],
    "787F8010-1D83-4D79-B937-AA75CE52FE87" : [

    ]
  },
  "sceneCameraHistory" : {
    "1A7C7867-2EB8-428D-9C15-39B2881F348E" : [
      {
        "date" : 711395114.80084002,
        "title" : "Untitled",
        "transform" : [
          1,
          0,
          0,
          0,
          0,
          0.86602544784545898,
          -0.49999994039535522,
          0,
          0,
          0.49999994039535522,
          0.86602544784545898,
          0,
          9.6858434517343994e-07,
          0.24973012506961823,
          0.43362343311309814,
          1
        ]
      },
      {
        "date" : 711395091.94214106,
        "title" : "Untitled",
        "transform" : [
          1,
          0,
          0,
          0,
          0,
          0.86602544784545898,
          -0.49999994039535522,
          0,
          0,
          0.49999994039535522,
          0.86602544784545898,
          0,
          0,
          0.27093505859375,
          0.46927332878112793,
          1
        ]
      }
    ],
    "3F8B7728-F82E-4A4F-A59F-8570CBD103EA" : [
      {
        "date" : 711397454.78316104,
        "title" : "Untitled",
        "transform" : [
          1,
          0,
          0,
          0,
          0,
          0.86602544784545898,
          -0.49999994039535522,
          0,
          0,
          0.49999994039535522,
          0.86602544784545898,
          0,
          0.090135551989078522,
          0.27093517780303955,
          0.46927332878112793,
          1
        ]
      },
      {
        "date" : 711397406.367149,
        "title" : "Untitled",
        "transform" : [
          1,
          0,
          0,
          0,
          0,
          0.86602544784545898,
          -0.49999994039535522,
          0,
          0,
          0.49999994039535522,
          0.86602544784545898,
          0,
          0.036443956196308136,
          0.27093505859375,
          0.46927332878112793,
          1
        ]
      },
      {
        "date" : 711397148.430933,
        "title" : "Untitled",
        "transform" : [
          1,
          0,
          0,
          0,
          0,
          0.86602544784545898,
          -0.49999994039535522,
          0,
          0,
          0.49999994039535522,
          0.86602544784545898,
          0,
          0,
          0.27093505859375,
          0.46927332878112793,
          1
        ]
      }
    ],
    "4CFEC434-5670-4A3A-AE4C-2921CC4A6B28" : [
      {
        "date" : 711395044.239218,
        "title" : "Untitled",
        "transform" : [
          1,
          0,
          0,
          0,
          0,
          0.86602544784545898,
          -0.49999994039535522,
          0,
          0,
          0.49999994039535522,
          0.86602544784545898,
          0,
          0,
          0.27093505859375,
          0.46927332878112793,
          1
        ]
      }
    ],
    "8AA34F95-D622-448E-98CB-F5896F7369FC" : [
      {
        "date" : 711400051.21449697,
        "title" : "Untitled",
        "transform" : [
          1,
          0,
          0,
          0,
          0,
          0.86602532863616943,
          -0.50000011920928955,
          0,
          0,
          0.50000011920928955,
          0.86602532863616943,
          0,
          4.0605664253234863e-05,
          0.5554167628288269,
          0.96212327480316162,
          1
        ]
      },
      {
        "date" : 711400049.97329795,
        "title" : "Untitled",
        "transform" : [
          1,
          0,
          0,
          0,
          0,
          0.86602544784545898,
          -0.49999994039535522,
          0,
          0,
          0.49999994039535522,
          0.86602544784545898,
          0,
          0,
          0.1806236058473587,
          0.3128492534160614,
          1
        ]
      }
    ],
    "9B4DDA5C-991B-4B7A-BA59-E014B1E4DA9F" : [
      {
        "date" : 710592813.57048905,
        "title" : "Untitled",
        "transform" : [
          0.99044328927993774,
          3.3055846948570888e-10,
          0.13792102038860321,
          0,
          0.062242306768894196,
          0.89237761497497559,
          -0.44697663187980652,
          0,
          -0.1230776309967041,
          0.45128953456878662,
          0.88384932279586792,
          0,
          -0.049363322556018829,
          0.17835058271884918,
          0.35096538066864014,
          1
        ]
      },
      {
        "date" : 710592806.90468502,
        "title" : "Untitled",
        "transform" : [
          0.99044328927993774,
          3.3055846948570888e-10,
          0.13792102038860321,
          0,
          0.062242306768894196,
          0.89237761497497559,
          -0.44697663187980652,
          0,
          -0.1230776309967041,
          0.45128953456878662,
          0.88384932279586792,
          0,
          -0.063452929258346558,
          0.17436842620372772,
          0.35103663802146912,
          1
        ]
      },
      {
        "date" : 710592802.76841795,
        "title" : "Untitled",
        "transform" : [
          1,
          0,
          0,
          0,
          0,
          0.86602538824081421,
          -0.5,
          0,
          0,
          0.5,
          0.86602538824081421,
          0,
          0,
          0.19958783686161041,
          0.34569630026817322,
          1
        ]
      },
      {
        "date" : 710592785.175372,
        "title" : "Untitled",
        "transform" : [
          1,
          0,
          0,
          0,
          0,
          0.86602538824081421,
          -0.5,
          0,
          0,
          0.5,
          0.86602538824081421,
          0,
          0,
          0.27093476057052612,
          0.46927279233932495,
          1
        ]
      }
    ],
    "15CBECE4-8C3C-448B-8C17-4A2422C4CB3F" : [
      {
        "date" : 711395059.27646899,
        "title" : "Untitled",
        "transform" : [
          1,
          0,
          0,
          0,
          0,
          0.86602544784545898,
          -0.49999994039535522,
          0,
          0,
          0.49999994039535522,
          0.86602544784545898,
          0,
          0,
          0.27093505859375,
          0.46927332878112793,
          1
        ]
      }
    ],
    "26DBAE76-5DD8-47B6-A085-1B4ADA111097" : [
      {
        "date" : 710613494.58755803,
        "title" : "Untitled",
        "transform" : [
          1,
          0,
          0,
          0,
          0,
          0.86602544784545898,
          -0.49999994039535522,
          0,
          0,
          0.49999994039535522,
          0.86602544784545898,
          0,
          0,
          0.23915794491767883,
          0.41443374752998352,
          1
        ]
      },
      {
        "date" : 710599541.82549298,
        "title" : "Untitled",
        "transform" : [
          0.99996483325958252,
          1.0995818144898806e-10,
          0.0083896135911345482,
          0,
          0.00069152179639786482,
          0.99659723043441772,
          -0.082423083484172821,
          0,
          -0.0083610657602548599,
          0.082425951957702637,
          0.99656218290328979,
          0,
          -0.030837407335639,
          0.055198404937982559,
          0.43984586000442505,
          1
        ]
      },
      {
        "date" : 710599536.45849204,
        "title" : "Untitled",
        "transform" : [
          0.99996483325958252,
          1.0995818144898806e-10,
          0.0083896135911345482,
          0,
          0.00069152179639786482,
          0.99659723043441772,
          -0.082423083484172821,
          0,
          -0.0083610657602548599,
          0.082425951957702637,
          0.99656218290328979,
          0,
          -0.0085308859124779701,
          -0.049407370388507843,
          0.70519030094146729,
          1
        ]
      },
      {
        "date" : 710599534.37758803,
        "title" : "Untitled",
        "transform" : [
          0.99996483325958252,
          1.0995818144898806e-10,
          0.0083896135911345482,
          0,
          0.00069152179639786482,
          0.99659723043441772,
          -0.082423083484172821,
          0,
          -0.0083610657602548599,
          0.082425951957702637,
          0.99656218290328979,
          0,
          -0.012812977656722069,
          -0.049407370388507843,
          0.70515435934066772,
          1
        ]
      },
      {
        "date" : 710591979.95743895,
        "title" : "Untitled",
        "transform" : [
          1,
          0,
          0,
          0,
          0,
          0.86602544784545898,
          -0.49999994039535522,
          0,
          0,
          0.49999994039535522,
          0.86602544784545898,
          0,
          0,
          0.27138715982437134,
          0.47025638818740845,
          1
        ]
      }
    ],
    "91C3CD13-079F-458F-9289-7D53318AB9BB" : [
      {
        "date" : 710592677.878196,
        "title" : "Untitled",
        "transform" : [
          0.99959003925323486,
          1.1039037739468682e-10,
          -0.028632884845137596,
          0,
          -0.0062496177852153778,
          0.97588914632797241,
          -0.21817754209041595,
          0,
          0.027942577376961708,
          0.21826720237731934,
          0.97548890113830566,
          0,
          -0.050863556563854218,
          0.18474997580051422,
          0.34482696652412415,
          1
        ]
      },
      {
        "date" : 710592645.27854002,
        "title" : "Untitled",
        "transform" : [
          0.97188478708267212,
          1.1260157251058445e-09,
          -0.23545677959918976,
          0,
          -0.067519620060920715,
          0.95800244808197021,
          -0.27869784832000732,
          0,
          0.22556822001934052,
          0.28676024079322815,
          0.93106800317764282,
          0,
          0.092549070715904236,
          0.2280842661857605,
          0.32125505805015564,
          1
        ]
      },
      {
        "date" : 710592634.51003802,
        "title" : "Untitled",
        "transform" : [
          0.9966965913772583,
          2.9454767513925617e-09,
          0.081214368343353271,
          0,
          0.039800368249416351,
          0.87168556451797485,
          -0.48844671249389648,
          0,
          -0.07079334557056427,
          0.49006563425064087,
          0.86880606412887573,
          0,
          -0.080644421279430389,
          0.34689286351203918,
          0.28481516242027283,
          1
        ]
      },
      {
        "date" : 710592632.39565694,
        "title" : "Untitled",
        "transform" : [
          0.9966965913772583,
          2.9454767513925617e-09,
          0.081214368343353271,
          0,
          0.039800368249416351,
          0.87168556451797485,
          -0.48844671249389648,
          0,
          -0.07079334557056427,
          0.49006563425064087,
          0.86880606412887573,
          0,
          -0.21544796228408813,
          0.25659626722335815,
          0.60662347078323364,
          1
        ]
      },
      {
        "date" : 710592627.59434199,
        "title" : "Untitled",
        "transform" : [
          0.9966965913772583,
          2.9454767513925617e-09,
          0.081214368343353271,
          0,
          0.039800368249416351,
          0.87168556451797485,
          -0.48844671249389648,
          0,
          -0.07079334557056427,
          0.49006563425064087,
          0.86880606412887573,
          0,
          -0.002194602508097887,
          0.51706206798553467,
          0.6174781322479248,
          1
        ]
      },
      {
        "date" : 710592618.93047702,
        "title" : "Untitled",
        "transform" : [
          0.99966835975646973,
          3.4497620315931954e-09,
          -0.025751426815986633,
          0,
          -0.011846353299915791,
          0.8879048228263855,
          -0.45987460017204285,
          0,
          0.022864829748868942,
          0.46002721786499023,
          0.88761031627655029,
          0,
          0.088285870850086212,
          0.48812747001647949,
          0.62608110904693604,
          1
        ]
      },
      {
        "date" : 710592609.79711604,
        "title" : "Untitled",
        "transform" : [
          0.99966835975646973,
          3.4497620315931954e-09,
          -0.025751426815986633,
          0,
          -0.011846353299915791,
          0.8879048228263855,
          -0.45987460017204285,
          0,
          0.022864829748868942,
          0.46002721786499023,
          0.88761031627655029,
          0,
          0.0070413411594927311,
          0.30234947800636292,
          0.67879641056060791,
          1
        ]
      },
      {
        "date" : 710592604.26341903,
        "title" : "Untitled",
        "transform" : [
          0.979991614818573,
          3.1397178190673003e-09,
          -0.19903893768787384,
          0,
          -0.13157919049263,
          0.75032192468643188,
          -0.64784562587738037,
          0,
          0.14934328198432922,
          0.66107261180877686,
          0.7353091835975647,
          0,
          0.12049552798271179,
          0.48697566986083984,
          0.57537555694580078,
          1
        ]
      },
      {
        "date" : 710592600.38112104,
        "title" : "Untitled",
        "transform" : [
          0.99228477478027344,
          -1.409414140951526e-09,
          0.12397973984479904,
          0,
          0.04576430469751358,
          0.92937886714935303,
          -0.36627939343452454,
          0,
          -0.11522414535284042,
          0.3691273033618927,
          0.92220848798751831,
          0,
          -0.075715497136116028,
          0.27205675840377808,
          0.6749500036239624,
          1
        ]
      },
      {
        "date" : 710592569.14978695,
        "title" : "Untitled",
        "transform" : [
          1,
          0,
          0,
          0,
          0,
          0.86602544784545898,
          -0.49999994039535522,
          0,
          0,
          0.49999994039535522,
          0.86602544784545898,
          0,
          0.009909643791615963,
          0.38941431045532227,
          0.62418091297149658,
          1
        ]
      }
    ],
    "182EDBD7-5167-4DC6-B8B5-B24CAE307C00" : [
      {
        "date" : 710613286.44188595,
        "title" : "Untitled",
        "transform" : [
          0.9933207631111145,
          -1.0192034716194343e-10,
          0.11538621038198471,
          0,
          0.054962277412414551,
          0.87926489114761353,
          -0.47315159440040588,
          0,
          -0.10145504027605057,
          0.47633317112922668,
          0.87339198589324951,
          0,
          -0.052918344736099243,
          0.25442492961883545,
          0.46648147702217102,
          1
        ]
      },
      {
        "date" : 710613284.35595906,
        "title" : "Untitled",
        "transform" : [
          0.9933207631111145,
          -1.0192034716194343e-10,
          0.11538621038198471,
          0,
          0.054962277412414551,
          0.87926489114761353,
          -0.47315159440040588,
          0,
          -0.10145504027605057,
          0.47633317112922668,
          0.87339198589324951,
          0,
          -0.055662170052528381,
          0.26823690533638,
          0.49120247364044189,
          1
        ]
      },
      {
        "date" : 710613270.82323599,
        "title" : "Untitled",
        "transform" : [
          0.9933207631111145,
          -1.0192034716194343e-10,
          0.11538621038198471,
          0,
          0.054962277412414551,
          0.87926489114761353,
          -0.47315159440040588,
          0,
          -0.10145504027605057,
          0.47633317112922668,
          0.87339198589324951,
          0,
          -0.041425388306379318,
          0.19657137989997864,
          0.36293384432792664,
          1
        ]
      },
      {
        "date" : 710613261.37472403,
        "title" : "Untitled",
        "transform" : [
          0.9933207631111145,
          -1.0192034716194343e-10,
          0.11538621038198471,
          0,
          0.054962277412414551,
          0.87926489114761353,
          -0.47315159440040588,
          0,
          -0.10145504027605057,
          0.47633317112922668,
          0.87339198589324951,
          0,
          -0.010845528915524483,
          0.042637519538402557,
          0.087419368326663971,
          1
        ]
      },
      {
        "date" : 710613247.26579499,
        "title" : "Untitled",
        "transform" : [
          1,
          0,
          0,
          0,
          0,
          0.86602544784545898,
          -0.49999994039535522,
          0,
          0,
          0.49999994039535522,
          0.86602544784545898,
          0,
          0,
          0.27093505859375,
          0.46927335858345032,
          1
        ]
      }
    ],
    "660A940D-5835-4E40-A284-5AB72B05F9AD" : [
      {
        "date" : 710613495.13596594,
        "title" : "Untitled",
        "transform" : [
          1,
          0,
          0,
          0,
          0,
          0.87731277942657471,
          -0.47991907596588135,
          0,
          0,
          0.47991907596588135,
          0.87731277942657471,
          0,
          3.7252902984619141e-09,
          0.50912082195281982,
          0.82461643218994141,
          1
        ]
      },
      {
        "date" : 710613494.11922002,
        "title" : "Untitled",
        "transform" : [
          1,
          0,
          0,
          0,
          0,
          0.86602538824081421,
          -0.5,
          0,
          0,
          0.5,
          0.86602538824081421,
          0,
          0,
          0.15916901826858521,
          0.27568885684013367,
          1
        ]
      },
      {
        "date" : 710611735.45004499,
        "title" : "Untitled",
        "transform" : [
          0.91268646717071533,
          1.2509779878655536e-09,
          0.40866056084632874,
          0,
          0.17831264436244965,
          0.8997846245765686,
          -0.398236483335495,
          0,
          -0.36770647764205933,
          0.43633437156677246,
          0.82122123241424561,
          0,
          -0.15741333365440369,
          0.20875290036201477,
          0.27018246054649353,
          1
        ]
      },
      {
        "date" : 710599443.52906895,
        "title" : "Untitled",
        "transform" : [
          0.91268646717071533,
          1.2509779878655536e-09,
          0.40866056084632874,
          0,
          0.17831264436244965,
          0.8997846245765686,
          -0.398236483335495,
          0,
          -0.36770647764205933,
          0.43633437156677246,
          0.82122123241424561,
          0,
          -0.15868742763996124,
          0.20875295996665955,
          0.26961195468902588,
          1
        ]
      },
      {
        "date" : 710594407.79627895,
        "title" : "Untitled",
        "transform" : [
          0.91268646717071533,
          1.2509779878655536e-09,
          0.40866056084632874,
          0,
          0.17831264436244965,
          0.8997846245765686,
          -0.398236483335495,
          0,
          -0.36770647764205933,
          0.43633437156677246,
          0.82122123241424561,
          0,
          -0.15621444582939148,
          0.20581841468811035,
          0.26408886909484863,
          1
        ]
      },
      {
        "date" : 710594396.44767702,
        "title" : "Untitled",
        "transform" : [
          0.91268646717071533,
          1.2509779878655536e-09,
          0.40866056084632874,
          0,
          0.17831264436244965,
          0.8997846245765686,
          -0.398236483335495,
          0,
          -0.36770647764205933,
          0.43633437156677246,
          0.82122123241424561,
          0,
          -0.2235502153635025,
          0.25018578767776489,
          0.41633579134941101,
          1
        ]
      },
      {
        "date" : 710594218.44001102,
        "title" : "Untitled",
        "transform" : [
          1,
          0,
          0,
          0,
          0,
          0.86602532863616943,
          -0.50000011920928955,
          0,
          0,
          0.50000011920928955,
          0.86602532863616943,
          0,
          0.0044887210242450237,
          0.79209977388381958,
          1.1342734098434448,
          1
        ]
      }
    ],
    "723E5030-D1A9-4859-B762-F1E45FC62EDD" : [
      {
        "date" : 710613473.090361,
        "title" : "Untitled",
        "transform" : [
          1,
          0,
          0,
          0,
          0,
          0.86602544784545898,
          -0.49999994039535522,
          0,
          0,
          0.49999994039535522,
          0.86602544784545898,
          0,
          0,
          0.17493490874767303,
          0.30299615859985352,
          1
        ]
      },
      {
        "date" : 710613468.35365903,
        "title" : "Untitled",
        "transform" : [
          1,
          0,
          0,
          0,
          0,
          0.86602544784545898,
          -0.49999994039535522,
          0,
          0,
          0.49999994039535522,
          0.86602544784545898,
          0,
          0,
          0.077388055622577667,
          0.13404005765914917,
          1
        ]
      },
      {
        "date" : 710613466.14150596,
        "title" : "Untitled",
        "transform" : [
          1,
          0,
          0,
          0,
          0,
          0.86602544784545898,
          -0.49999994039535522,
          0,
          0,
          0.49999994039535522,
          0.86602544784545898,
          0,
          0,
          0.051679935306310654,
          0.089512281119823456,
          1
        ]
      },
      {
        "date" : 710613457.21156704,
        "title" : "Untitled",
        "transform" : [
          1,
          0,
          0,
          0,
          0,
          0.86602544784545898,
          -0.49999994039535522,
          0,
          0,
          0.49999994039535522,
          0.86602544784545898,
          0,
          0,
          0.11607406288385391,
          0.20104619860649109,
          1
        ]
      },
      {
        "date" : 710613443.37709498,
        "title" : "Untitled",
        "transform" : [
          1,
          0,
          0,
          0,
          0,
          0.86602544784545898,
          -0.49999994039535522,
          0,
          0,
          0.49999994039535522,
          0.86602544784545898,
          0,
          0,
          0.27093505859375,
          0.46927335858345032,
          1
        ]
      }
    ],
    "787F8010-1D83-4D79-B937-AA75CE52FE87" : [
      {
        "date" : 711395027.37767196,
        "title" : "Untitled",
        "transform" : [
          0.68605965375900269,
          -6.5700463892426342e-05,
          0.72754520177841187,
          0,
          0.12413455545902252,
          0.98534727096557617,
          -0.11696726828813553,
          0,
          -0.71687698364257812,
          0.17056003212928772,
          0.67601519823074341,
          0,
          -0.432198166847229,
          0.20931345224380493,
          0.22074699401855469,
          1
        ]
      },
      {
        "date" : 710864901.06737399,
        "title" : "Untitled",
        "transform" : [
          -0.67735821008682251,
          -6.3738161770743318e-07,
          0.7356533408164978,
          0,
          -0.1159953698515892,
          0.98749089241027832,
          -0.10680272430181503,
          0,
          -0.72645092010498047,
          -0.1576760858297348,
          -0.66888511180877686,
          0,
          -0.67093378305435181,
          0.52920019626617432,
          -0.1952720433473587,
          1
        ]
      },
      {
        "date" : 710864899.83303297,
        "title" : "Untitled",
        "transform" : [
          -0.67735821008682251,
          -6.3738161770743318e-07,
          0.7356533408164978,
          0,
          -0.1159953698515892,
          0.98749089241027832,
          -0.10680272430181503,
          0,
          -0.72645092010498047,
          -0.1576760858297348,
          -0.66888511180877686,
          0,
          -0.67326998710632324,
          0.52921229600906372,
          -0.19262254238128662,
          1
        ]
      },
      {
        "date" : 710864896.61558497,
        "title" : "Untitled",
        "transform" : [
          0.73817616701126099,
          0.00014574146189261228,
          0.67460793256759644,
          0,
          0.26178470253944397,
          0.92157453298568726,
          -0.28665173053741455,
          0,
          -0.62174326181411743,
          0.38820153474807739,
          0.68024617433547974,
          0,
          -0.3140999972820282,
          0.48100832104682922,
          0.73901551961898804,
          1
        ]
      },
      {
        "date" : 710864892.26506495,
        "title" : "Untitled",
        "transform" : [
          0.73817616701126099,
          0.00014574146189261228,
          0.67460793256759644,
          0,
          0.26178470253944397,
          0.92157453298568726,
          -0.28665173053741455,
          0,
          -0.62174326181411743,
          0.38820153474807739,
          0.68024617433547974,
          0,
          -0.49691396951675415,
          0.46030038595199585,
          0.50548547506332397,
          1
        ]
      },
      {
        "date" : 710864888.14774895,
        "title" : "Untitled",
        "transform" : [
          0.93364214897155762,
          -1.9536162909616905e-08,
          0.3582073450088501,
          0,
          -0.021745795384049416,
          0.99815565347671509,
          0.056678935885429382,
          0,
          -0.35754665732383728,
          -0.060707341879606247,
          0.93192011117935181,
          0,
          -1.0127162933349609,
          0.64611244201660156,
          1.0667874813079834,
          1
        ]
      },
      {
        "date" : 710864884.54707599,
        "title" : "Untitled",
        "transform" : [
          0.93364214897155762,
          -1.9536162909616905e-08,
          0.3582073450088501,
          0,
          -0.021745795384049416,
          0.99815565347671509,
          0.056678935885429382,
          0,
          -0.35754665732383728,
          -0.060707341879606247,
          0.93192011117935181,
          0,
          -0.23748637735843658,
          0.67271816730499268,
          0.89567148685455322,
          1
        ]
      },
      {
        "date" : 710864810.22527599,
        "title" : "Untitled",
        "transform" : [
          0.44597044587135315,
          -1.019613371511241e-08,
          -0.89504760503768921,
          0,
          -0.12346469610929489,
          0.9904402494430542,
          -0.06151808425784111,
          0,
          0.88649129867553711,
          0.13794204592704773,
          0.44170713424682617,
          0,
          1.0166962146759033,
          0.31954577565193176,
          0.63985437154769897,
          1
        ]
      },
      {
        "date" : 710864711.05023003,
        "title" : "Untitled",
        "transform" : [
          0.44086840748786926,
          9.2485031927935779e-05,
          -0.89757174253463745,
          0,
          -0.32478165626525879,
          0.93225473165512085,
          -0.1594298779964447,
          0,
          0.83675074577331543,
          0.36180242896080017,
          0.41103169322013855,
          0,
          1.1073815822601318,
          0.64371532201766968,
          0.47354137897491455,
          1
        ]
      },
      {
        "date" : 710864705.78866601,
        "title" : "Untitled",
        "transform" : [
          0.32285496592521667,
          7.458889967892901e-07,
          -0.94644850492477417,
          0,
          -0.074473775923252106,
          0.9968993067741394,
          -0.025403901934623718,
          0,
          0.94351381063461304,
          0.078687369823455811,
          0.32185393571853638,
          0,
          1.6195050477981567,
          0.57013332843780518,
          0.5413278341293335,
          1
        ]
      }
    ],
    "77673A9A-74B4-462C-BB70-B7A3C99AB21B" : [
      {
        "date" : 712171369.79271805,
        "title" : "Untitled",
        "transform" : [
          0.9998784065246582,
          1.5336565351020681e-10,
          0.015594087541103363,
          0,
          0.004121917299926281,
          0.96443355083465576,
          -0.26429352164268494,
          0,
          -0.015039460733532906,
          0.26432564854621887,
          0.96431624889373779,
          0,
          0.00090571492910385132,
          0.11276452988386154,
          0.44807839393615723,
          1
        ]
      },
      {
        "date" : 712171352.74342203,
        "title" : "Untitled",
        "transform" : [
          0.9998784065246582,
          1.5336565351020681e-10,
          0.015594087541103363,
          0,
          0.004121917299926281,
          0.96443355083465576,
          -0.26429352164268494,
          0,
          -0.015039460733532906,
          0.26432564854621887,
          0.96431624889373779,
          0,
          0.00092378206318244338,
          0.11244697123765945,
          0.44691985845565796,
          1
        ]
      },
      {
        "date" : 712171349.67636502,
        "title" : "Untitled",
        "transform" : [
          0.9998784065246582,
          6.0938629142803791e-11,
          0.015594087541103363,
          0,
          0.0027489475905895233,
          0.98433983325958252,
          -0.17625997960567474,
          0,
          -0.015349882654845715,
          0.17628142237663269,
          0.98422014713287354,
          0,
          0.00079404900316148996,
          0.071694254875183105,
          0.4552382230758667,
          1
        ]
      },
      {
        "date" : 712171345.70426595,
        "title" : "Untitled",
        "transform" : [
          0.9998784065246582,
          6.0938629142803791e-11,
          0.015594087541103363,
          0,
          0.0027489475905895233,
          0.98433983325958252,
          -0.17625997960567474,
          0,
          -0.015349880792200565,
          0.1762814074754715,
          0.98422002792358398,
          0,
          0.00038612046046182513,
          0.076379008591175079,
          0.48139432072639465,
          1
        ]
      },
      {
        "date" : 712171342.20496202,
        "title" : "Untitled",
        "transform" : [
          0.99978798627853394,
          5.3620032025580855e-11,
          0.02058962918817997,
          0,
          0.0041916258633136749,
          0.97905844449996948,
          -0.20353633165359497,
          0,
          -0.020158449187874794,
          0.20357948541641235,
          0.97885078191757202,
          0,
          -0.0019715442322194576,
          0.089731223881244659,
          0.47908121347427368,
          1
        ]
      },
      {
        "date" : 712171331.22653997,
        "title" : "Untitled",
        "transform" : [
          0.99995535612106323,
          6.1402979922853262e-11,
          0.0094475345686078072,
          0,
          0.0018747297581285238,
          0.98011386394500732,
          -0.19842705130577087,
          0,
          -0.0092596597969532013,
          0.19843590259552002,
          0.98007005453109741,
          0,
          0.0033626772928982973,
          0.087214775383472443,
          0.4795379638671875,
          1
        ]
      },
      {
        "date" : 712171325.76110697,
        "title" : "Untitled",
        "transform" : [
          0.99999165534973145,
          -7.2373496085020861e-12,
          0.0040879254229366779,
          0,
          0.0013561429223045707,
          0.94336956739425659,
          -0.33174088597297668,
          0,
          -0.0038564242422580719,
          0.33174362778663635,
          0.94336169958114624,
          0,
          0.0060007371939718723,
          0.15252497792243958,
          0.46289795637130737,
          1
        ]
      },
      {
        "date" : 712171322.07563305,
        "title" : "Untitled",
        "transform" : [
          0.99996805191040039,
          -1.4669834791369851e-11,
          0.007994101382791996,
          0,
          0.0027922154404222965,
          0.93701672554016113,
          -0.34927335381507874,
          0,
          -0.0074906069785356522,
          0.34928449988365173,
          0.93698680400848389,
          0,
          0.0042158905416727066,
          0.1611332893371582,
          0.45999205112457275,
          1
        ]
      },
      {
        "date" : 712171317.69328499,
        "title" : "Untitled",
        "transform" : [
          0.99996805191040039,
          -1.4669834791369851e-11,
          0.007994101382791996,
          0,
          0.0027922154404222965,
          0.93701672554016113,
          -0.34927335381507874,
          0,
          -0.0074906069785356522,
          0.34928449988365173,
          0.93698680400848389,
          0,
          0.0038123335689306259,
          0.1799510270357132,
          0.51047229766845703,
          1
        ]
      },
      {
        "date" : 712171310.82102895,
        "title" : "Untitled",
        "transform" : [
          0.99996805191040039,
          -1.4669834791369851e-11,
          0.007994101382791996,
          0,
          0.0027922154404222965,
          0.93701672554016113,
          -0.34927335381507874,
          0,
          -0.0074906069785356522,
          0.34928449988365173,
          0.93698680400848389,
          0,
          -0.0043998290784657001,
          0.20516365766525269,
          0.55036979913711548,
          1
        ]
      }
    ],
    "A592B038-F5F9-4539-942A-15675D013FA4" : [
      {
        "date" : 710599511.17704105,
        "title" : "Untitled",
        "transform" : [
          0.99516534805297852,
          6.935971796906415e-10,
          0.098213993012905121,
          0,
          0.023224711418151855,
          0.97163873910903931,
          -0.23532722890377045,
          0,
          -0.095428518950939178,
          0.23647052049636841,
          0.96694117784500122,
          0,
          -0.050602808594703674,
          0.13139773905277252,
          0.52421003580093384,
          1
        ]
      },
      {
        "date" : 710599501.17665505,
        "title" : "Untitled",
        "transform" : [
          0.98234504461288452,
          1.2390594106292951e-09,
          -0.18707767128944397,
          0,
          -0.067380428314208984,
          0.93288534879684448,
          -0.35381472110748291,
          0,
          0.17452201247215271,
          0.3601735532283783,
          0.91641539335250854,
          0,
          0.092471443116664886,
          0.19696058332920074,
          0.49743050336837769,
          1
        ]
      },
      {
        "date" : 710599492.44389701,
        "title" : "Untitled",
        "transform" : [
          1,
          0,
          0,
          0,
          0,
          0.86602544784545898,
          -0.49999994039535522,
          0,
          0,
          0.49999994039535522,
          0.86602544784545898,
          0,
          0,
          0.27093505859375,
          0.46927335858345032,
          1
        ]
      }
    ],
    "C20456CD-0000-44AF-B0F4-F78E483C7272" : [
      {
        "date" : 710613392.03915203,
        "title" : "Untitled",
        "transform" : [
          1,
          0,
          0,
          0,
          0,
          0.86327767372131348,
          -0.50472933053970337,
          0,
          0,
          0.50472933053970337,
          0.86327767372131348,
          0,
          -0.00086799456039443612,
          0.57835692167282104,
          0.99325549602508545,
          1
        ]
      },
      {
        "date" : 710613385.62334502,
        "title" : "Untitled",
        "transform" : [
          1,
          0,
          0,
          0,
          0,
          0.86327767372131348,
          -0.50472933053970337,
          0,
          0,
          0.50472933053970337,
          0.86327767372131348,
          0,
          -0.0012205828679725528,
          0.81329143047332764,
          1.3967260122299194,
          1
        ]
      },
      {
        "date" : 710613356.51988804,
        "title" : "Untitled",
        "transform" : [
          1,
          0,
          0,
          0,
          0,
          0.86327767372131348,
          -0.50472933053970337,
          0,
          0,
          0.50472933053970337,
          0.86327767372131348,
          0,
          -0.0023753342684358358,
          1.5827183723449707,
          2.7181200981140137,
          1
        ]
      }
    ],
    "CC257B0E-C0B1-4203-B61C-57CB720EB5B5" : [
      {
        "date" : 710592737.84037101,
        "title" : "Untitled",
        "transform" : [
          1,
          0,
          0,
          0,
          0,
          0.86602550745010376,
          -0.4999997615814209,
          0,
          0,
          0.4999997615814209,
          0.86602550745010376,
          0,
          0.00037997215986251831,
          0.43880206346511841,
          0.53655093908309937,
          1
        ]
      },
      {
        "date" : 710592735.58466601,
        "title" : "Untitled",
        "transform" : [
          1,
          0,
          0,
          0,
          0,
          0.86602550745010376,
          -0.4999997615814209,
          0,
          0,
          0.4999997615814209,
          0.86602550745010376,
          0,
          0.00037997215986251831,
          0.76002860069274902,
          1.0929316282272339,
          1
        ]
      }
    ],
    "D94B1BEB-BE9C-42D1-BED9-731442EA2C78" : [
      {
        "date" : 711396770.88910401,
        "title" : "Untitled",
        "transform" : [
          1,
          0,
          0,
          0,
          0,
          0.8682703971862793,
          -0.49609124660491943,
          0,
          0,
          0.49609124660491943,
          0.8682703971862793,
          0,
          -0.015720635652542114,
          0.6765596866607666,
          1.0161848068237305,
          1
        ]
      },
      {
        "date" : 711396768.65166104,
        "title" : "Untitled",
        "transform" : [
          1,
          0,
          0,
          0,
          0,
          0.8682703971862793,
          -0.49609124660491943,
          0,
          0,
          0.49609124660491943,
          0.8682703971862793,
          0,
          -0.015720635652542114,
          0.67333602905273438,
          1.010601282119751,
          1
        ]
      },
      {
        "date" : 711396766.70517802,
        "title" : "Untitled",
        "transform" : [
          1,
          0,
          0,
          0,
          0,
          0.86602544784545898,
          -0.49999994039535522,
          0,
          0,
          0.49999994039535522,
          0.86602544784545898,
          0,
          0,
          0.1806236058473587,
          0.3128492534160614,
          1
        ]
      }
    ],
    "F8DB3413-12C0-4975-89A6-6F893BEA9DB5" : [
      {
        "date" : 711397131.42013395,
        "title" : "Untitled",
        "transform" : [
          1,
          0,
          0,
          0,
          0,
          0.86602544784545898,
          -0.49999994039535522,
          0,
          0,
          0.49999994039535522,
          0.86602544784545898,
          0,
          0,
          0.27093505859375,
          0.46927332878112793,
          1
        ]
      }
    ]
  },
